#East Edge
0 1 34.29999999999859  127.00000000000017  140.48999999999995  -1.992051861285892e-15  1.7008114298389713e-16  1.0 0.0
#West Edge
1 1 27.62927143939902  127.00000000000014  137.20333989999995  -1.992051861285892e-15  1.66533453693766e-16  1.0 0.0
#South Rim
2 1 61.49999999999858  127.00000000000028  141.24  1.0  3.85109691633859e-15  2.048076989992809e-15 0.0
#Stave Plane 1
3 1 34.29999999999853  150.6302097558912  129.19987639033317  2.629001118087786e-15  -0.8910075863383322  0.45398841514684024 0.0
#Stave Plane 2
4 1 34.29999999999858  141.44430014052324  118.9978422113782  4.891494377043964e-16  -0.5446409971602312  0.8386692937101663 0.0
#Stave Plane 3
5 1 34.29999999999864  128.3880519672694  114.75557624981006  -1.781769439490024e-15  -0.05233829262816431  0.9986294123070724 0.0
#Stave Plane 4
6 1 34.29999999999869  114.9598763903333  117.60979024410898  -3.5752646342746365e-15  0.45398841514684324  0.8910075863383305 0.0
#Stave Plane 5
7 1 34.29999999999871  104.75784221137836  126.79569985947694  -4.410770557577802e-15  0.8386692937101679  0.5446409971602285 0.0
#Stave Plane 6
8 1 34.299999999998704  100.51557624981028  139.85194803273083  -4.064414071979018e-15  0.9986294123070725  0.05233829262816064 0.0
#Stave Pin 1
9 2 53.500749006450626  151.04739739283582  135.5254064118765  -2.556541613672747e-15  0.8910075863383322  -0.4539884151468402 1.0
#Stave Pin 2
10 2 53.500749006450704  144.96836024303377  124.26731808396363  -4.3640073831675943e-16  0.5446409971602314  -0.8386692937101662 1.0
#Stave Pin 3
11 2 53.500749006450754  134.07471547679935  117.55704616884294  1.78816208380571e-15  0.05233829262816452  -0.9986294123070724 1.0000000000000004
#Stave Pin 4
12 2 53.50074900645072  121.28540641187666  117.19260260716447  3.5181934670471546e-15  -0.45398841514684324  -0.8910075863383304 1.0
#Stave Pin 5
13 2 53.50074900645076  110.02731808396376  123.27163975696658  4.28940938668169e-15  -0.8386692937101682  -0.5446409971602283 1.0
#Stave Pin 6
14 2 53.50074900645072  103.31704616884316  134.165284523201  3.8990830541326416e-15  -0.9986294123070726  -0.0523382926281606 1.0
