#East Edge
0 1 61.5000000000005  127.00000000000009  140.49000000000004  1.3016564370486276e-15  5.5511151231255516e-17  1.0 0.0
#West Edge
1 1 27.908565597995235  88.51098858115486  138.4500000000001  -1.3016564370486276e-15  -5.5511151231255516e-17  1.0 0.0
#South Rim
2 1 61.5000000000005  127.00000000000009  141.24000000000004  1.0  -1.7486012637846204e-15  -1.301142459572967e-15 0.0
#Stave Plane 1
3 1 61.500000000000526  156.92436078616564  125.32890024377282  9.267041274706957e-16  -0.8829471661294129  0.4694723653465013 0.0
#Stave Plane 2
4 1 61.5000000000005  148.5575901864054  115.08850349849524  1.0344142047657141e-16  -0.6360775189044501  0.7716251615547273 0.0
#Stave Plane 3
5 1 61.500000000000476  136.90887190080662  108.82943503166565  -7.355693050862977e-16  -0.2923708354833522  0.9563050217157528 0.0
#Stave Plane 4
6 1 61.50000000000045  123.75161769245749  107.50458127876198  -1.4625962719021332e-15  0.09584665729186284  0.9953961112471639 0.0
#Stave Plane 5
7 1 61.500000000000426  111.08890024377276  111.31563921383454  -1.9669562147890896e-15  0.46947236534650394  0.8829471661294117 0.0
#Stave Plane 6
8 1 61.500000000000426  100.84850349849518  119.68240981359483  -2.1718649044768938e-15  0.7716251615547288  0.6360775189044484 0.0
#Stave Plane 7
9 1 61.500000000000426  94.58943503166564  131.33112809919365  -2.046126850462475e-15  0.9563050217157539  0.2923708354833492 0.0
#Stave Plane 8
10 1 61.50000000000045  93.264581278762  144.48838230754274  -1.6088845316512322e-15  0.9953961112471637  -0.09584665729186514 0.0
#Stave Pin 1
11 2 53.50000000000055  159.27046262250823  135.06639344952444  9.464683977442933e-16  -0.8829471661294139  0.4694723653464995 1.0000000000000002
#Stave Pin 2
12 2 53.50000000000054  154.45148297679827  123.18695986584721  1.2503172965272875e-16  -0.636077518904452  0.7716251615547257 1.0
#Stave Pin 3
13 2 53.50000000000052  145.4532638961836  114.05593799137846  -7.180970892201244e-16  -0.29237083548335396  0.9563050217157525 1.0
#Stave Pin 4
14 2 53.50000000000047  133.64570266662878  109.06344313358665  -1.446505650738427e-15  0.09584665729186187  0.9953961112471641 1.0000000000000002
#Stave Pin 5
15 2 53.50000000000044  120.82639344952439  108.96953737749192  -1.9534493784183938e-15  0.46947236534650333  0.882947166129412 1.0
#Stave Pin 6
16 2 53.5000000000005  108.94695986584715  113.78851702320188  -2.1602216467803414e-15  0.7716251615547286  0.6360775189044483 1.0
#Stave Pin 7
17 2 53.5000000000005  99.8159379913784  122.7867361038166  -2.0319394202747387e-15  0.9563050217157536  0.29237083548334974 1.0
#Stave Pin 8
18 2 53.50000000000044  94.82344313358661  134.59429733337146  -1.5952375913462772e-15  0.9953961112471638  -0.09584665729186513 1.0
