#East Edge
0 1 61.499999999999574  127.00000000000006  140.49000000000032  2.8740651777843073e-15  -3.9119468344240297e-16  1.0 0.0
#Eest Edge
1 1 29.582151701594675  80.79090998515557  138.34000000000026  2.8740651777843073e-15  -3.8641418445067655e-16  1.0 0.0
#South Rim
2 1 61.499999999999574  127.00000000000006  141.2400000000003  1.0  9.43160598855825e-16  -2.888456943067783e-15 0.0
#Stave Plane 1
3 1 61.499999999999666  164.58025404698338  123.31479333771148  1.985277992241585e-15  -0.902582064886889  0.43051784648783153 0.0
#Stave Plane 2
4 1 61.49999999999969  157.2017520090806  112.57917824444745  2.57948238595363e-15  -0.7253692233553656  0.6883600001516895 0.0
#Stave Plane 3
5 1 61.4999999999997  146.86689205654926  104.64908407630425  2.9211890714179532e-15  -0.477152188297261  0.8788206809145626 0.0
#Stave Plane 4
6 1 61.4999999999997  134.58732228874663  100.30076370267469  2.9769494174508355e-15  -0.18222817253383913  0.9832562703257871 0.0
#Stave Plane 5
7 1 61.499999999999694  121.5650525513386  99.95986101825923  2.741305212877403e-15  0.13053360641553097  0.9914438852482552 0.0
#Stave Plane 6
8 1 61.499999999999666  109.07479333771109  103.65974595301702  2.237322954271018e-15  0.430517846487834  0.9025820648868876 0.0
#Stave Plane 7
9 1 61.49999999999964  98.33917824444708  111.03824799091988  1.5143359365549456e-15  0.6883600001516917  0.7253692233553634 0.0
#Stave Plane 8
10 1 61.499999999999595  90.4090840763039  121.37310794345125  6.431151663699938e-16  0.8788206809145639  0.4771521882972585 0.0
#Stave Plane 9
11 1 61.49999999999956  86.06076370267442  133.6526777112539  -2.910581971460975e-16  0.9832562703257879  0.18222817253383594 0.0
#Stave Plane 10
12 1 61.499999999999524  85.71986101825897  146.67494744866192  -1.1967407564038256e-15  0.9914438852482547  -0.13053360641553452 0.0
#Stave Pin 1
13 2 53.499999999999645  167.550044577236  135.3479290400739  2.0930603157622247e-15  -0.902582064886889  0.4305178464878313 1.0
#Stave Pin 2
14 2 53.499999999999666  163.7446340725589  123.10565462206125  2.670864842697779e-15  -0.7253692233553658  0.6883600001516893 1.0
#Stave Pin 3
15 2 53.49999999999969  156.34240276994012  112.638496279055  2.986565383685941e-15  -0.4771521882972611  0.8788206809145626 1.0
#Stave Pin 4
16 2 53.499999999999694  146.06793264365814  104.97105239864919  3.0094479897952007e-15  -0.1822281725338386  0.9832562703257872 1.0
#Stave Pin 5
17 2 53.499999999999666  133.9269604161161  100.85386581008068  2.737986704825399e-15  0.13053360641553174  0.9914438852482551 1.0
#Stave Pin 6
18 2 53.499999999999666  121.10792904007351  100.68995542276437  2.197143814197007e-15  0.4305178464878352  0.9025820648868872 1.0
#Stave Pin 7
19 2 53.49999999999965  108.8656546220609  104.49536592744154  1.4425516435400475e-15  0.6883600001516922  0.7253692233553631 1.0
#Stave Pin 8
20 2 53.49999999999966  98.39849627905468  111.89759723006028  5.447602785295694e-16  0.8788206809145642  0.4771521882972575 1.0
#Stave Pin 9
21 2 53.499999999999616  90.73105239864888  122.17206735634238  -4.0713416378957184e-16  0.9832562703257879  0.18222817253383553 1.0
#Stave Pin 10
22 2 53.499999999999574  86.61386581008045  134.31303958388432  -1.3177035163909644e-15  0.9914438852482548  -0.1305336064155345 1.0
#x plane
23 1 31.499999999999375  127.0000000000002  -10.160000000000448  1.0  3.441691376337976e-15  -1.221245327087685e-15 0.0
#y plane
241 6.099999999999721  67.25000000000064  140.48999999999995  -3.552713678800497e-15  -1.0  -4.063756396208038e-15 0.0
#z plane
25 1 6.099999999999721  67.25000000000064  140.48999999999995  -1.2767564783189279e-15  -3.786200640051757e-15  1.0 0.0
#x plane 2
26 1 6.099999999999961 127.00000000000004 -10.159999999999812 -1.0 -1.0576523482702952e-15 2.872697629294621e-15 0.0 0.0
