#East Edge
0 1 395.49999999999955  126.9999999999998  140.49000000000123  -2.8601873899764925e-15  6.106226635438378e-16  1.0 0.0
#West Edge
1 1 353.4999749999995  84.63014134791372  138.39818307000112  2.8601873899764925e-15  -6.106226635438378e-16  1.0 0.0
#South Rim
# 2 1 395.49999999999955  126.9999999999998  141.24000000000123  1.0  7.766271451620527e-16  -2.8745791552599687e-15 0.0
#North Rim
2 1 353.49999999999955  126.99999999999983  141.24000000000112  -1.0  7.766271451620527e-16  -2.8745791552599687e-15 0.0
#Stave Plane 1
3 1 395.4999999999996  164.58025404698316  123.3147933377124  1.8289932484128797e-15  -0.9025820648868889  0.4305178464878317 0.0
#Stave Plane 2
4 1 395.4999999999996  157.20175200908034  112.57917824444834  2.449131229967599e-15  -0.7253692233553654  0.6883600001516896 0.0
#Stave Plane 3
5 1 395.4999999999996  146.866892056549  104.64908407630516  2.8295311826324176e-15  -0.47715218829726086  0.8788206809145626 0.0
#Stave Plane 4
6 1 395.4999999999996  134.58732228874638  100.30076370267562  2.9329569086381855e-15  -0.182228172533839  0.9832562703257871 0.0
#Stave Plane 5
7 1 395.4999999999996  121.56505255133834  99.95986101826017  2.749284377314054e-15  0.13053360641553105  0.9914438852482552 0.0
#Stave Plane 6
8 1 395.4999999999996  109.07479333771084  103.65974595301795  2.296492735747803e-15  0.43051784648783414  0.9025820648868876 0.0
#Stave Plane 7
9 1 395.49999999999955  98.33917824444683  111.03824799092081  1.6189043846008081e-15  0.6883600001516916  0.7253692233553635 0.0
#Stave Plane 8
10 1 395.49999999999955  90.40908407630366  121.37310794345214  7.828463927189852e-16  0.8788206809145639  0.47715218829725836 0.0
#Stave Plane 9
11 1 395.4999999999995  86.06076370267417  133.6526777112548  -1.2984205849371685e-16  0.9832562703257878  0.18222817253383583 0.0
#Stave Plane 10
12 1 395.4999999999995  85.71986101825871  146.6749474486628  -1.0298206643582365e-15  0.9914438852482548  -0.13053360641553408 0.0
#Stave Pin 1
13 2 361.49999999999955  167.55004457723348  135.34792904007008  1.940404649876267e-15  -0.9025820648868896  0.4305178464878301 1.0
#Stave Pin 2
14 2 361.4999999999997  163.74463407255502  123.10565462205831  2.5130050063838895e-15  -0.7253692233553664  0.6883600001516885 1.0000000000000004
#Stave Pin 3
15 2 361.49999999999955  156.34240276993518  112.63849627905338  2.870338910795499e-15  -0.4771521882972622  0.8788206809145619 1.0
#Stave Pin 4
16 2 361.4999999999997  146.06793264365268  104.97105239864915  2.9678146263717612e-15  -0.18222817253383958  0.9832562703257872 0.9999999999999999
#Stave Pin 5
17 2 361.4999999999997  133.92696041611063  100.85386581008225  2.7202057891966407e-15  0.13053360641553077  0.9914438852482552 1.0000000000000002
#Stave Pin 6
18 2 361.49999999999966  121.10792904006851  100.68995542276754  2.259593859332179e-15  0.43051784648783414  0.9025820648868876 1.0
#Stave Pin 7
19 2 361.4999999999997  108.8656546220568  104.49536592744602  1.5501044990506154e-15  0.6883600001516914  0.7253692233553636 1.0
#Stave Pin 8
20 2 361.49999999999966  98.39849627905195  111.89759723006587  6.887423270356513e-16  0.8788206809145637  0.47715218829725886 1.0
#Stave Pin 9
21 2 361.49999999999966  90.73105239864773  122.17206735634845  -2.371312631438432e-16  0.9832562703257877  0.18222817253383647 1.0
#Stave Pin 10
22 2 361.49999999999955  86.61386581008094  134.3130395838905  -1.144231168793281e-15  0.9914438852482548  -0.13053360641553372 1.0000000000000002
#x plane
23 1 343.06722362999983  217.00000000000216  140.48999999999896  -1.0  3.4293555649532535e-15  -1.1657341758564278e-15 0.0
#y plane
24 1 317.9172236300002  59.47000000000125  -10.16000000000053  -3.275157922644209e-15  -1.0  -4.1638486270613695e-15 0.0
#z plane
25 1 355.76722363000016  127.00000000000205  140.48999999999927  1.22124532708767e-15  3.841711791283015e-15  1.0 0.0
#outer large cylinder
31 2 395.49999999999955 126.9999999999998 141.24000000000123 -1.0 6.621353957475799e-16 -2.8601873899764932e-15 46.74000000000001
