#East Edge
0 1 395.49999999999864  127.00000000000162  140.4900000000007  2.0475630125171474e-15  3.885780586188128e-16  1.0 0.0
#West Edge
1 1 353.49997499999864  127.00000000000145  137.1989940100006  -2.0475630125171474e-15  -3.885780586188128e-16  1.0 0.0
# #South Rim
# 2 1 395.49999999999864  127.0000000000016  141.2400000000007  1.0  3.89966917366594e-15  2.103588141224067e-15 0.0
#North Rim
2 1 353.49999999999864 127.00000000000145 141.2400000000006 -1.0 3.89966917366594e-15 2.103588141224067e-15 0.0
#Stave Plane 1
3 1 395.4999999999985  150.63020975589265  129.19987639033394  -2.64707794828158e-15  -0.8910075863383325  0.4539884151468397 0.0
#Stave Plane 2
4 1 395.49999999999864  141.44430014052438  118.99784221137892  4.690483823732834e-16  -0.5446409971602222  0.8386692937101722 0.0
#Stave Plane 3
5 1 395.4999999999987  128.38805196727043  114.755576249811  -1.834662318803038e-15  -0.0523382926281488  0.9986294123070732 0.0
#Stave Plane 4
6 1 395.49999999999875  114.95987639033481  117.60979024410966  -3.646776733272203e-15  0.4539884151468408  0.8910075863383319 0.0
#Stave Plane 5
7 1 395.49999999999875  104.75784221137984  126.79569985947762  -4.481740267084544e-15  0.8386692937101665  0.5446409971602307 0.0
#Stave Plane 6
8 1 395.49999999999875  100.51557624981173  139.85194803273154  -4.1158251156455286e-15  0.9986294123070726  0.05233829262816142 0.0
#Stave Pin 1
9 2 361.4999999999986  151.0473973928348  135.52540641187252  -2.5929708066682592e-15  0.8910075863383321  -0.45398841514684024 1.0
#Stave Pin 2
10 2 361.49999999999864  144.96836024303067  124.2673180839614  -4.051757157491783e-16  0.5446409971602318  -0.8386692937101659 1.0000000000000002
#Stave Pin 3
11 2 361.49999999999875  134.07471547679543  117.5570461688433  1.892353912581564e-15  0.05233829262816554  -0.9986294123070724 1.0
#Stave Pin 4
12 2 361.49999999999875  121.28540641187334  117.19260260716744  3.6829921972649505e-15  -0.4539884151468427  -0.8910075863383308 1.0
#Stave Pin 5
13 2 361.499999999999  110.02731808396217  123.27163975697158  4.4854331394670695e-15  -0.8386692937101681  -0.5446409971602283 1.0000000000000002
#Stave Pin 6
14 2 361.4999999999989  103.31704616884412  134.16528452320685  4.08990263649009e-15  -0.9986294123070726  -0.05233829262816031 1.0
