#East Edge
0 1 395.50000000000045  126.99999999999949  140.48999999999967  1.0796118321235965e-15  5.5511151231255904e-17  1.0 0.0
#West Edge
1 1 353.50000000000034  92.68774018575664  138.49771557999972  -1.0796118321235965e-15  3.9154521137544474e-17  1.0 0.0
#North Rim
2 1 353.50000000000045 126.99999999999957 141.23999999999972 -1.0 -1.7486012637846204e-15 -1.0790978546479358e-15 0.0
# #South Rim
# 2 1 395.50000000000045  126.99999999999949  141.23999999999967  1.0  -1.7486012637846204e-15  -1.0790978546479358e-15 0.0
#Stave Plane 1
3 1 395.50000000000045  156.92436078616507  125.32890024377247  1.0309479333572797e-15  -0.8829471661294129  0.4694723653465013 0.0
#Stave Plane 2
4 1 395.50000000000045  148.5575901864048  115.08850349849489  2.7477662462420413e-16  -0.63607751890445  0.7716251615547273 0.0
#Stave Plane 3
5 1 395.5000000000004  136.90887190080605  108.8294350316653  -5.232269343516001e-16  -0.29237083548335213  0.956305021715753 0.0
#Stave Plane 4
6 1 395.5000000000004  123.75161769245688  107.5045812787616  -1.241573935636344e-15  0.09584665729186283  0.9953961112471639 0.0
#Stave Plane 5
7 1 395.5000000000004  111.08890024377216  111.31563921383419  -1.770902560116208e-15  0.4694723653465039  0.8829471661294117 0.0
#Stave Plane 6
8 1 395.5000000000004  100.8485034984946  119.68240981359445  -2.0306273230900606e-15  0.7716251615547286  0.6360775189044483 0.0
#Stave Plane 7
9 1 395.5000000000004  94.58943503166506  131.33112809919328  -1.981207483805973e-15  0.9563050217157539  0.29237083548334925 0.0
#Stave Plane 8
10 1 395.5000000000004  93.2645812787614  144.4883823075424  -1.6301667648029877e-15  0.9953961112471635  -0.0958466572918663 0.0
#Stave Pin 1
11 2 361.5000000000006  159.27046262250764  135.06639344952413  1.0366740184950857e-15  -0.8829471661294134  0.4694723653465005 1.0
#Stave Pin 2
12 2 361.5000000000006  154.45148297679773  123.18695986584687  2.2391096778340597e-16  -0.6360775189044512  0.7716251615547265 0.9999999999999999
#Stave Pin 3
13 2 361.50000000000057  145.453263896183  114.05593799137812  -5.784518494039918e-16  -0.29237083548335285  0.9563050217157528 1.0
#Stave Pin 4
14 2 361.50000000000057  133.64570266662815  109.06344313358633  -1.2979699531079125e-15  0.09584665729186292  0.9953961112471639 1.0000000000000002
#Stave Pin 5
15 2 361.5000000000004  120.82639344952375  108.96953737749159  -1.8285492881480625e-15  0.4694723653465041  0.8829471661294114 1.0
#Stave Pin 6
16 2 361.50000000000057  108.94695986584654  113.78851702320165  -2.0890979842652916e-15  0.7716251615547293  0.6360775189044475 1.0000000000000002
#Stave Pin 7
17 2 361.50000000000057  99.81593799137782  122.7867361038164  -1.9868366098993405e-15  0.9563050217157538  0.2923708354833489 1.0
#Stave Pin 8
18 2 361.50000000000045  94.82344313358604  134.59429733337132  -1.6889126590490232e-15  0.9953961112471637  -0.09584665729186621 1.0000000000000002
#outer cylinder
30 2 370.50000000000045 126.99999999999953 141.2399999999997 1.0 -1.7416623698807143e-15 -1.0796118321235965e-15 37.78999999999999
